[[20 72 32]
 [18 71 32]
 [17 70 31]
 [16 69 30]
 [16 69 29]
 [17 70 27]
 [20 70 28]
 [20 70 30]
 [21 72 35]]
[[19 71 31]
 [17 70 31]
 [17 70 31]
 [16 69 30]
 [16 69 29]
 [18 71 28]
 [20 70 28]
 [21 71 31]
 [21 72 35]]
[[18 70 30]
 [17 70 31]
 [17 70 31]
 [17 70 31]
 [17 70 30]
 [18 71 28]
 [20 70 28]
 [20 70 30]
 [20 71 34]]
[[19 71 31]
 [18 71 32]
 [17 70 31]
 [17 70 31]
 [16 69 29]
 [17 70 27]
 [19 69 27]
 [18 67 29]
 [18 69 32]]
[[19 70 32]
 [18 71 32]
 [17 69 32]
 [17 70 31]
 [16 69 29]
 [17 70 27]
 [18 68 26]
 [18 67 29]
 [17 68 31]]
[[19 70 32]
 [18 71 32]
 [17 69 32]
 [17 69 32]
 [16 69 29]
 [17 70 27]
 [19 69 27]
 [18 67 29]
 [16 67 30]]
[[20 71 33]
 [19 71 34]
 [18 70 33]
 [17 69 32]
 [17 70 31]
 [17 70 27]
 [19 69 29]
 [19 68 30]
 [15 66 29]]
[[22 73 35]
 [20 72 35]
 [19 71 34]
 [16 70 33]
 [17 70 31]
 [17 69 29]
 [19 69 29]
 [19 68 30]
 [14 65 28]]
[[21 72 34]
 [18 70 33]
 [17 69 32]
 [14 68 31]
 [16 69 30]
 [16 68 28]
 [15 67 27]
 [17 66 28]
 [18 68 34]]
[[19 70 32]
 [18 70 33]
 [17 69 32]
 [14 68 31]
 [15 68 29]
 [15 67 27]
 [15 67 27]
 [17 65 29]
 [16 66 32]]
