[ 0.00501384  0.00564122  0.00773444  0.01095218  0.01518756  0.02073265
  0.02567342  0.02789885  0.02789885]
[ 0.00513989  0.00575783  0.00787017  0.01110292  0.01532876  0.02089593
  0.02585981  0.0280614   0.0280614 ]
[ 0.00549281  0.00608811  0.00824749  0.01153024  0.01577912  0.02144045
  0.0264995   0.02869069  0.02869069]
[ 0.00588879  0.00648437  0.00877977  0.01222923  0.01661761  0.02252368
  0.02780845  0.03003556  0.03003556]
[ 0.00624155  0.00686576  0.00938263  0.0131139   0.01775156  0.02401979
  0.02963373  0.03194434  0.03194434]
[ 0.0065951   0.00725551  0.01002015  0.01407805  0.01902837  0.02570786
  0.03170399  0.03414651  0.03414651]
[ 0.00688669  0.00758537  0.01058075  0.01494455  0.02019667  0.02726337
  0.03361627  0.03619216  0.03619216]
[ 0.00694484  0.00769182  0.01085816  0.0154496   0.02092767  0.02827578
  0.03487163  0.03754063  0.03754063]
[ 0.00694484  0.00769182  0.01085816  0.0154496   0.02092767  0.02827578
  0.03487163  0.03754063  0.03754063]
[ 0.00688669  0.00758537  0.01058075  0.01494455  0.02019667  0.02726337
  0.03361627  0.03619216  0.03619216]
